9.904200442151805950e-01 7.674418604651163101e-01
9.793662490788503927e-01 8.023255813953488191e-01
9.705232129697862753e-01 8.139534883720930258e-01
9.823139277818717652e-01 7.209302325581394832e-01
9.845246868091378500e-01 7.558139534883721034e-01
9.793662490788503927e-01 8.023255813953488191e-01
9.830508474576271638e-01 7.441860465116278966e-01
9.867354458364038239e-01 8.604651162790697416e-01
9.815770081061164776e-01 8.372093023255814392e-01
9.764185703758290202e-01 7.674418604651163101e-01
