9.755686604886267821e-01 8.604651162790697416e-01
9.780960404380791839e-01 7.325581395348836899e-01
9.637742207245155734e-01 8.372093023255814392e-01
9.780960404380791839e-01 8.720930232558139483e-01
9.772535804549283833e-01 8.139534883720930258e-01
9.730412805391743802e-01 8.604651162790697416e-01
9.696714406065711778e-01 8.837209302325581550e-01
9.730412805391743802e-01 8.023255813953488191e-01
9.671440606571187759e-01 8.604651162790697416e-01
9.797809604043807852e-01 8.139534883720930258e-01
9.696714406065711778e-01 7.906976744186046124e-01
9.797809604043807852e-01 8.139534883720930258e-01
9.772535804549283833e-01 8.372093023255814392e-01
9.721988205560235796e-01 8.372093023255814392e-01
9.848357203032855889e-01 7.674418604651163101e-01
9.721988205560235796e-01 8.953488372093023617e-01
9.730412805391743802e-01 7.674418604651163101e-01
9.738837405223251809e-01 8.255813953488372325e-01
9.755686604886267821e-01 7.790697674418605168e-01
9.713563605728727790e-01 7.441860465116278966e-01
9.696714406065711778e-01 8.255813953488372325e-01
9.831508003369839876e-01 8.255813953488372325e-01
9.747262005054759815e-01 7.906976744186046124e-01
9.738837405223251809e-01 8.139534883720930258e-01
9.679865206402695765e-01 8.023255813953488191e-01
9.814658803706823864e-01 7.906976744186046124e-01
9.620893007582139722e-01 8.720930232558139483e-01
9.789385004212299846e-01 8.372093023255814392e-01
9.814658803706823864e-01 8.488372093023255349e-01
9.831508003369839876e-01 8.604651162790697416e-01
9.806234203875315858e-01 7.906976744186046124e-01
9.848357203032855889e-01 7.674418604651163101e-01
9.705139005897219784e-01 7.209302325581394832e-01
9.789385004212299846e-01 8.023255813953488191e-01
9.679865206402695765e-01 7.093023255813953876e-01
9.721988205560235796e-01 8.255813953488372325e-01
9.764111204717775827e-01 8.488372093023255349e-01
9.721988205560235796e-01 8.139534883720930258e-01
9.831508003369839876e-01 8.720930232558139483e-01
9.823083403538331870e-01 8.139534883720930258e-01
9.679865206402695765e-01 8.720930232558139483e-01
9.789385004212299846e-01 7.558139534883721034e-01
9.713563605728727790e-01 7.790697674418605168e-01
9.679865206402695765e-01 7.325581395348836899e-01
9.646166807076663741e-01 7.790697674418605168e-01
9.789385004212299846e-01 8.139534883720930258e-01
9.772535804549283833e-01 8.372093023255814392e-01
9.679865206402695765e-01 8.139534883720930258e-01
9.789385004212299846e-01 8.837209302325581550e-01
9.713563605728727790e-01 7.790697674418605168e-01
9.772535804549283833e-01 8.139534883720930258e-01
9.713563605728727790e-01 8.023255813953488191e-01
9.755686604886267821e-01 8.139534883720930258e-01
9.839932603201347883e-01 7.906976744186046124e-01
9.629317607413647728e-01 7.790697674418605168e-01
9.764111204717775827e-01 8.488372093023255349e-01
9.806234203875315858e-01 9.069767441860464574e-01
9.671440606571187759e-01 7.906976744186046124e-01
9.806234203875315858e-01 8.837209302325581550e-01
9.663016006739679753e-01 7.790697674418605168e-01
9.730412805391743802e-01 8.139534883720930258e-01
9.671440606571187759e-01 8.837209302325581550e-01
9.646166807076663741e-01 8.837209302325581550e-01
9.780960404380791839e-01 8.023255813953488191e-01
9.637742207245155734e-01 8.255813953488372325e-01
9.755686604886267821e-01 8.139534883720930258e-01
9.772535804549283833e-01 8.139534883720930258e-01
9.705139005897219784e-01 8.255813953488372325e-01
9.789385004212299846e-01 8.023255813953488191e-01
9.721988205560235796e-01 8.372093023255814392e-01
9.814658803706823864e-01 8.953488372093023617e-01
9.772535804549283833e-01 7.558139534883721034e-01
9.730412805391743802e-01 8.255813953488372325e-01
9.721988205560235796e-01 8.372093023255814392e-01
9.755686604886267821e-01 8.139534883720930258e-01
9.823083403538331870e-01 8.139534883720930258e-01
9.831508003369839876e-01 7.906976744186046124e-01
9.789385004212299846e-01 8.023255813953488191e-01
9.705139005897219784e-01 7.790697674418605168e-01
9.696714406065711778e-01 8.953488372093023617e-01
9.688289806234203771e-01 8.720930232558139483e-01
9.797809604043807852e-01 8.139534883720930258e-01
9.772535804549283833e-01 8.720930232558139483e-01
9.806234203875315858e-01 7.674418604651163101e-01
9.721988205560235796e-01 7.906976744186046124e-01
9.780960404380791839e-01 8.488372093023255349e-01
9.696714406065711778e-01 8.488372093023255349e-01
9.721988205560235796e-01 7.790697674418605168e-01
9.780960404380791839e-01 8.023255813953488191e-01
9.738837405223251809e-01 8.837209302325581550e-01
9.696714406065711778e-01 8.023255813953488191e-01
9.738837405223251809e-01 7.558139534883721034e-01
9.823083403538331870e-01 7.558139534883721034e-01
9.688289806234203771e-01 8.255813953488372325e-01
9.663016006739679753e-01 8.372093023255814392e-01
9.671440606571187759e-01 8.255813953488372325e-01
9.738837405223251809e-01 8.023255813953488191e-01
9.789385004212299846e-01 8.372093023255814392e-01
9.747262005054759815e-01 7.674418604651163101e-01
9.738837405223251809e-01 8.604651162790697416e-01
