9.914865749836280218e-01 7.674418604651163101e-01
9.842829076620824846e-01 7.906976744186046124e-01
9.810085134250163819e-01 7.674418604651163101e-01
9.921414538310412423e-01 7.209302325581394832e-01
9.888670595939751395e-01 8.139534883720930258e-01
9.875573018991486984e-01 7.558139534883721034e-01
9.882121807465619190e-01 7.674418604651163101e-01
9.921414538310412423e-01 7.906976744186046124e-01
9.842829076620824846e-01 8.023255813953488191e-01
9.901768172888015807e-01 7.558139534883721034e-01
9.882121807465619190e-01 7.441860465116278966e-01
9.882121807465619190e-01 8.255813953488372325e-01
9.901768172888015807e-01 8.139534883720930258e-01
9.921414538310412423e-01 7.325581395348836899e-01
9.921414538310412423e-01 8.023255813953488191e-01
9.783889980353634996e-01 8.023255813953488191e-01
9.862475442043221463e-01 8.372093023255814392e-01
9.882121807465619190e-01 8.255813953488372325e-01
9.908316961362148012e-01 8.604651162790697416e-01
9.836280288146692641e-01 7.325581395348836899e-01
9.862475442043221463e-01 7.790697674418605168e-01
9.908316961362148012e-01 8.023255813953488191e-01
9.862475442043221463e-01 8.255813953488372325e-01
9.888670595939751395e-01 7.325581395348836899e-01
9.829731499672560435e-01 8.255813953488372325e-01
9.855926653569089257e-01 9.069767441860464574e-01
9.823182711198428230e-01 7.558139534883721034e-01
9.901768172888015807e-01 8.372093023255814392e-01
9.914865749836280218e-01 7.906976744186046124e-01
9.882121807465619190e-01 7.906976744186046124e-01
9.842829076620824846e-01 7.325581395348836899e-01
9.875573018991486984e-01 7.558139534883721034e-01
9.790438768827767202e-01 8.023255813953488191e-01
9.875573018991486984e-01 8.604651162790697416e-01
9.869024230517354779e-01 8.604651162790697416e-01
9.882121807465619190e-01 7.093023255813953876e-01
9.855926653569089257e-01 8.023255813953488191e-01
9.803536345776031613e-01 7.209302325581394832e-01
9.954158480681073451e-01 8.139534883720930258e-01
9.869024230517354779e-01 7.790697674418605168e-01
9.823182711198428230e-01 7.906976744186046124e-01
9.842829076620824846e-01 8.720930232558139483e-01
9.869024230517354779e-01 8.720930232558139483e-01
9.901768172888015807e-01 7.674418604651163101e-01
9.862475442043221463e-01 7.325581395348836899e-01
9.914865749836280218e-01 8.023255813953488191e-01
9.849377865094957052e-01 7.906976744186046124e-01
9.888670595939751395e-01 8.488372093023255349e-01
9.869024230517354779e-01 8.720930232558139483e-01
9.849377865094957052e-01 8.139534883720930258e-01
9.875573018991486984e-01 7.790697674418605168e-01
9.842829076620824846e-01 8.255813953488372325e-01
9.908316961362148012e-01 8.023255813953488191e-01
9.934512115258676834e-01 8.023255813953488191e-01
9.816633922724296024e-01 8.372093023255814392e-01
9.842829076620824846e-01 8.720930232558139483e-01
9.888670595939751395e-01 7.209302325581394832e-01
9.908316961362148012e-01 8.372093023255814392e-01
9.875573018991486984e-01 8.139534883720930258e-01
9.869024230517354779e-01 7.906976744186046124e-01
9.810085134250163819e-01 9.069767441860464574e-01
9.908316961362148012e-01 7.325581395348836899e-01
9.810085134250163819e-01 7.790697674418605168e-01
9.882121807465619190e-01 8.255813953488372325e-01
9.862475442043221463e-01 7.790697674418605168e-01
9.888670595939751395e-01 8.255813953488372325e-01
9.908316961362148012e-01 7.674418604651163101e-01
9.855926653569089257e-01 8.372093023255814392e-01
9.927963326784544629e-01 8.488372093023255349e-01
9.855926653569089257e-01 8.372093023255814392e-01
9.895219384413883601e-01 7.906976744186046124e-01
9.823182711198428230e-01 7.558139534883721034e-01
9.842829076620824846e-01 7.790697674418605168e-01
9.849377865094957052e-01 7.674418604651163101e-01
9.895219384413883601e-01 8.604651162790697416e-01
9.908316961362148012e-01 8.372093023255814392e-01
9.901768172888015807e-01 8.139534883720930258e-01
9.882121807465619190e-01 8.255813953488372325e-01
9.764243614931237270e-01 7.325581395348836899e-01
9.888670595939751395e-01 6.976744186046511809e-01
9.836280288146692641e-01 8.488372093023255349e-01
9.927963326784544629e-01 8.023255813953488191e-01
9.888670595939751395e-01 7.209302325581394832e-01
9.882121807465619190e-01 7.906976744186046124e-01
9.882121807465619190e-01 7.674418604651163101e-01
9.810085134250163819e-01 8.255813953488372325e-01
9.927963326784544629e-01 8.139534883720930258e-01
9.842829076620824846e-01 7.441860465116278966e-01
9.888670595939751395e-01 7.906976744186046124e-01
9.869024230517354779e-01 7.906976744186046124e-01
9.836280288146692641e-01 8.023255813953488191e-01
9.862475442043221463e-01 8.139534883720930258e-01
9.895219384413883601e-01 7.441860465116278966e-01
9.849377865094957052e-01 8.255813953488372325e-01
9.869024230517354779e-01 8.488372093023255349e-01
9.888670595939751395e-01 8.139534883720930258e-01
9.855926653569089257e-01 8.604651162790697416e-01
9.882121807465619190e-01 8.255813953488372325e-01
9.823182711198428230e-01 8.139534883720930258e-01
9.855926653569089257e-01 8.488372093023255349e-01
