9.889042995839112393e-01 7.674418604651163101e-01
9.868238557558945967e-01 8.488372093023255349e-01
9.729542302357836459e-01 8.139534883720930258e-01
9.930651872399445246e-01 8.372093023255814392e-01
9.916782246879334295e-01 8.139534883720930258e-01
9.840499306518724065e-01 8.372093023255814392e-01
9.861303744798890492e-01 8.837209302325581550e-01
9.812760055478502164e-01 7.674418604651163101e-01
9.764216366158113836e-01 7.674418604651163101e-01
9.812760055478502164e-01 8.139534883720930258e-01
9.854368932038835016e-01 7.790697674418605168e-01
9.840499306518724065e-01 7.906976744186046124e-01
9.861303744798890492e-01 7.674418604651163101e-01
9.889042995839112393e-01 7.674418604651163101e-01
9.895977808599167869e-01 7.325581395348836899e-01
9.833564493758668590e-01 7.906976744186046124e-01
9.840499306518724065e-01 7.790697674418605168e-01
9.889042995839112393e-01 7.093023255813953876e-01
9.875173370319001442e-01 8.023255813953488191e-01
9.798890429958391213e-01 8.372093023255814392e-01
9.785020804438280262e-01 8.139534883720930258e-01
9.868238557558945967e-01 8.023255813953488191e-01
9.847434119278779541e-01 7.674418604651163101e-01
9.930651872399445246e-01 8.255813953488372325e-01
9.882108183079056918e-01 8.139534883720930258e-01
9.861303744798890492e-01 8.372093023255814392e-01
9.861303744798890492e-01 8.255813953488372325e-01
9.875173370319001442e-01 7.558139534883721034e-01
9.833564493758668590e-01 7.209302325581394832e-01
9.895977808599167869e-01 7.558139534883721034e-01
9.840499306518724065e-01 8.604651162790697416e-01
9.868238557558945967e-01 8.023255813953488191e-01
9.791955617198335737e-01 8.604651162790697416e-01
9.882108183079056918e-01 7.790697674418605168e-01
9.854368932038835016e-01 7.906976744186046124e-01
9.875173370319001442e-01 8.255813953488372325e-01
9.868238557558945967e-01 8.953488372093023617e-01
9.819694868238557639e-01 7.790697674418605168e-01
9.937586685159500721e-01 8.023255813953488191e-01
9.847434119278779541e-01 8.372093023255814392e-01
9.833564493758668590e-01 8.255813953488372325e-01
9.875173370319001442e-01 8.139534883720930258e-01
9.847434119278779541e-01 7.790697674418605168e-01
9.882108183079056918e-01 8.604651162790697416e-01
9.812760055478502164e-01 8.023255813953488191e-01
9.909847434119278820e-01 8.604651162790697416e-01
9.882108183079056918e-01 7.790697674418605168e-01
9.861303744798890492e-01 8.372093023255814392e-01
9.882108183079056918e-01 7.790697674418605168e-01
9.840499306518724065e-01 8.488372093023255349e-01
9.889042995839112393e-01 7.906976744186046124e-01
9.826629680998613114e-01 7.790697674418605168e-01
9.757281553398058360e-01 7.558139534883721034e-01
9.868238557558945967e-01 7.906976744186046124e-01
9.771151178918169311e-01 8.255813953488372325e-01
9.819694868238557639e-01 8.604651162790697416e-01
9.861303744798890492e-01 7.906976744186046124e-01
9.847434119278779541e-01 8.720930232558139483e-01
9.861303744798890492e-01 8.604651162790697416e-01
9.847434119278779541e-01 7.325581395348836899e-01
9.805825242718446688e-01 8.604651162790697416e-01
9.868238557558945967e-01 7.558139534883721034e-01
9.778085991678224786e-01 8.372093023255814392e-01
9.861303744798890492e-01 7.790697674418605168e-01
9.854368932038835016e-01 7.093023255813953876e-01
9.819694868238557639e-01 6.976744186046511809e-01
9.833564493758668590e-01 8.023255813953488191e-01
9.833564493758668590e-01 8.488372093023255349e-01
9.861303744798890492e-01 7.674418604651163101e-01
9.785020804438280262e-01 7.790697674418605168e-01
9.854368932038835016e-01 8.139534883720930258e-01
9.812760055478502164e-01 7.558139534883721034e-01
9.895977808599167869e-01 7.790697674418605168e-01
9.861303744798890492e-01 7.674418604651163101e-01
9.889042995839112393e-01 8.255813953488372325e-01
9.847434119278779541e-01 8.139534883720930258e-01
9.916782246879334295e-01 7.906976744186046124e-01
9.895977808599167869e-01 8.255813953488372325e-01
9.826629680998613114e-01 7.674418604651163101e-01
9.882108183079056918e-01 8.023255813953488191e-01
9.791955617198335737e-01 8.953488372093023617e-01
9.847434119278779541e-01 7.674418604651163101e-01
9.882108183079056918e-01 8.720930232558139483e-01
9.833564493758668590e-01 7.674418604651163101e-01
9.791955617198335737e-01 7.558139534883721034e-01
9.854368932038835016e-01 7.906976744186046124e-01
9.833564493758668590e-01 7.441860465116278966e-01
9.764216366158113836e-01 8.139534883720930258e-01
9.854368932038835016e-01 7.790697674418605168e-01
9.847434119278779541e-01 7.674418604651163101e-01
9.833564493758668590e-01 8.372093023255814392e-01
9.840499306518724065e-01 8.255813953488372325e-01
9.882108183079056918e-01 8.023255813953488191e-01
9.819694868238557639e-01 8.488372093023255349e-01
9.861303744798890492e-01 8.023255813953488191e-01
9.854368932038835016e-01 7.906976744186046124e-01
9.722607489597780983e-01 6.976744186046511809e-01
9.847434119278779541e-01 7.325581395348836899e-01
9.833564493758668590e-01 8.372093023255814392e-01
9.833564493758668590e-01 8.720930232558139483e-01
