9.691749773345421648e-01 8.139534883720930258e-01
9.746146872166817632e-01 9.186046511627906641e-01
9.655485040797824325e-01 8.837209302325581550e-01
9.746146872166817632e-01 8.372093023255814392e-01
9.691749773345421648e-01 8.604651162790697416e-01
9.691749773345421648e-01 7.558139534883721034e-01
9.773345421577516179e-01 8.837209302325581550e-01
9.700815956482320424e-01 8.372093023255814392e-01
9.582955575702629680e-01 8.023255813953488191e-01
9.691749773345421648e-01 7.558139534883721034e-01
9.737080689029918856e-01 8.604651162790697416e-01
9.773345421577516179e-01 8.255813953488372325e-01
9.664551223934723101e-01 8.372093023255814392e-01
9.700815956482320424e-01 8.139534883720930258e-01
9.728014505893018971e-01 8.837209302325581550e-01
9.673617407071622987e-01 8.255813953488372325e-01
9.709882139619220309e-01 8.255813953488372325e-01
9.673617407071622987e-01 7.790697674418605168e-01
9.682683590208521762e-01 8.023255813953488191e-01
9.646418857660924440e-01 8.953488372093023617e-01
9.619220308250227003e-01 7.441860465116278966e-01
9.791477787851314840e-01 8.604651162790697416e-01
9.691749773345421648e-01 8.720930232558139483e-01
9.664551223934723101e-01 8.837209302325581550e-01
9.673617407071622987e-01 8.604651162790697416e-01
9.782411604714414954e-01 9.069767441860464574e-01
9.601087941976428342e-01 8.488372093023255349e-01
9.700815956482320424e-01 8.023255813953488191e-01
9.773345421577516179e-01 8.255813953488372325e-01
9.691749773345421648e-01 7.674418604651163101e-01
9.737080689029918856e-01 8.139534883720930258e-01
9.728014505893018971e-01 7.790697674418605168e-01
9.718948322756120195e-01 8.372093023255814392e-01
9.818676337262012277e-01 8.488372093023255349e-01
9.718948322756120195e-01 8.139534883720930258e-01
9.673617407071622987e-01 7.906976744186046124e-01
9.700815956482320424e-01 8.604651162790697416e-01
9.773345421577516179e-01 7.790697674418605168e-01
9.755213055303717518e-01 8.139534883720930258e-01
9.854941069809609600e-01 8.255813953488372325e-01
9.664551223934723101e-01 8.255813953488372325e-01
9.737080689029918856e-01 8.255813953488372325e-01
9.664551223934723101e-01 8.720930232558139483e-01
9.737080689029918856e-01 8.139534883720930258e-01
9.664551223934723101e-01 8.604651162790697416e-01
9.755213055303717518e-01 8.953488372093023617e-01
9.755213055303717518e-01 8.720930232558139483e-01
9.764279238440616293e-01 8.488372093023255349e-01
9.691749773345421648e-01 8.023255813953488191e-01
9.691749773345421648e-01 8.720930232558139483e-01
9.691749773345421648e-01 8.139534883720930258e-01
9.709882139619220309e-01 8.720930232558139483e-01
9.709882139619220309e-01 8.372093023255814392e-01
9.709882139619220309e-01 8.604651162790697416e-01
9.619220308250227003e-01 7.790697674418605168e-01
9.664551223934723101e-01 8.837209302325581550e-01
9.673617407071622987e-01 7.790697674418605168e-01
9.664551223934723101e-01 8.720930232558139483e-01
9.691749773345421648e-01 8.372093023255814392e-01
9.709882139619220309e-01 8.255813953488372325e-01
9.646418857660924440e-01 8.604651162790697416e-01
9.728014505893018971e-01 8.488372093023255349e-01
9.573889392565729795e-01 8.837209302325581550e-01
9.709882139619220309e-01 8.837209302325581550e-01
9.700815956482320424e-01 8.837209302325581550e-01
9.619220308250227003e-01 8.255813953488372325e-01
9.564823209428829909e-01 7.790697674418605168e-01
9.655485040797824325e-01 8.720930232558139483e-01
9.773345421577516179e-01 8.720930232558139483e-01
9.646418857660924440e-01 8.139534883720930258e-01
9.728014505893018971e-01 8.953488372093023617e-01
9.800543970988213616e-01 8.720930232558139483e-01
9.601087941976428342e-01 9.302325581395348708e-01
9.718948322756120195e-01 8.953488372093023617e-01
9.592021758839528456e-01 8.488372093023255349e-01
9.691749773345421648e-01 8.023255813953488191e-01
9.718948322756120195e-01 9.302325581395348708e-01
9.728014505893018971e-01 8.953488372093023617e-01
9.628286491387125778e-01 8.604651162790697416e-01
9.728014505893018971e-01 9.069767441860464574e-01
9.673617407071622987e-01 8.023255813953488191e-01
9.782411604714414954e-01 8.255813953488372325e-01
9.737080689029918856e-01 8.837209302325581550e-01
9.691749773345421648e-01 8.488372093023255349e-01
9.737080689029918856e-01 8.953488372093023617e-01
9.664551223934723101e-01 8.720930232558139483e-01
9.700815956482320424e-01 8.720930232558139483e-01
9.573889392565729795e-01 8.720930232558139483e-01
9.755213055303717518e-01 8.139534883720930258e-01
9.682683590208521762e-01 7.441860465116278966e-01
9.746146872166817632e-01 8.372093023255814392e-01
9.764279238440616293e-01 8.837209302325581550e-01
9.673617407071622987e-01 8.720930232558139483e-01
9.592021758839528456e-01 8.372093023255814392e-01
9.582955575702629680e-01 8.720930232558139483e-01
9.746146872166817632e-01 8.488372093023255349e-01
9.682683590208521762e-01 8.837209302325581550e-01
9.728014505893018971e-01 8.372093023255814392e-01
9.737080689029918856e-01 8.139534883720930258e-01
9.773345421577516179e-01 8.953488372093023617e-01
