9.857231533209186436e-01 7.441860465116278966e-01
9.888268156424581123e-01 7.325581395348836899e-01
9.819987585350713477e-01 7.790697674418605168e-01
9.944134078212290007e-01 8.023255813953488191e-01
9.906890130353817048e-01 7.441860465116278966e-01
9.894475481067659395e-01 7.325581395348836899e-01
9.882060831781501742e-01 7.325581395348836899e-01
9.913097454996896429e-01 7.209302325581394832e-01
9.906890130353817048e-01 7.674418604651163101e-01
9.857231533209186436e-01 8.255813953488372325e-01
9.851024208566108165e-01 7.906976744186046124e-01
9.900682805710738776e-01 8.372093023255814392e-01
9.925512104283054082e-01 7.558139534883721034e-01
9.900682805710738776e-01 8.139534883720930258e-01
9.950341402855369388e-01 6.860465116279069742e-01
9.819987585350713477e-01 7.906976744186046124e-01
9.851024208566108165e-01 7.558139534883721034e-01
9.906890130353817048e-01 7.906976744186046124e-01
9.968963376784605313e-01 8.488372093023255349e-01
9.832402234636871130e-01 7.558139534883721034e-01
9.913097454996896429e-01 7.674418604651163101e-01
9.937926753569211735e-01 7.325581395348836899e-01
9.882060831781501742e-01 8.372093023255814392e-01
9.937926753569211735e-01 7.558139534883721034e-01
9.925512104283054082e-01 7.209302325581394832e-01
9.863438857852265818e-01 7.441860465116278966e-01
9.875853507138423470e-01 7.325581395348836899e-01
9.931719428926132354e-01 8.372093023255814392e-01
9.875853507138423470e-01 7.441860465116278966e-01
9.919304779639974701e-01 8.023255813953488191e-01
9.894475481067659395e-01 7.558139534883721034e-01
9.875853507138423470e-01 7.790697674418605168e-01
9.857231533209186436e-01 7.674418604651163101e-01
9.900682805710738776e-01 8.255813953488372325e-01
9.857231533209186436e-01 8.023255813953488191e-01
9.894475481067659395e-01 7.790697674418605168e-01
9.888268156424581123e-01 8.023255813953488191e-01
9.875853507138423470e-01 7.674418604651163101e-01
9.956548727498447660e-01 7.325581395348836899e-01
9.931719428926132354e-01 8.139534883720930258e-01
9.919304779639974701e-01 8.023255813953488191e-01
9.913097454996896429e-01 8.255813953488372325e-01
9.888268156424581123e-01 8.255813953488372325e-01
9.875853507138423470e-01 8.139534883720930258e-01
9.869646182495344089e-01 8.023255813953488191e-01
9.944134078212290007e-01 7.558139534883721034e-01
9.875853507138423470e-01 8.372093023255814392e-01
9.894475481067659395e-01 7.441860465116278966e-01
9.888268156424581123e-01 7.441860465116278966e-01
9.888268156424581123e-01 7.906976744186046124e-01
9.869646182495344089e-01 8.023255813953488191e-01
9.851024208566108165e-01 7.325581395348836899e-01
9.962756052141527041e-01 8.372093023255814392e-01
9.925512104283054082e-01 7.093023255813953876e-01
9.788950962135319900e-01 8.488372093023255349e-01
9.869646182495344089e-01 8.720930232558139483e-01
9.956548727498447660e-01 7.209302325581394832e-01
9.913097454996896429e-01 8.255813953488372325e-01
9.894475481067659395e-01 7.558139534883721034e-01
9.900682805710738776e-01 7.558139534883721034e-01
9.844816883923028783e-01 8.023255813953488191e-01
9.900682805710738776e-01 8.255813953488372325e-01
9.857231533209186436e-01 8.139534883720930258e-01
9.882060831781501742e-01 7.906976744186046124e-01
9.888268156424581123e-01 8.023255813953488191e-01
9.857231533209186436e-01 7.325581395348836899e-01
9.882060831781501742e-01 7.790697674418605168e-01
9.851024208566108165e-01 7.906976744186046124e-01
9.956548727498447660e-01 7.558139534883721034e-01
9.888268156424581123e-01 7.790697674418605168e-01
9.900682805710738776e-01 7.441860465116278966e-01
9.857231533209186436e-01 7.093023255813953876e-01
9.906890130353817048e-01 7.441860465116278966e-01
9.900682805710738776e-01 8.372093023255814392e-01
9.950341402855369388e-01 7.441860465116278966e-01
9.900682805710738776e-01 7.674418604651163101e-01
9.900682805710738776e-01 7.906976744186046124e-01
9.888268156424581123e-01 8.488372093023255349e-01
9.801365611421477553e-01 7.790697674418605168e-01
9.882060831781501742e-01 8.023255813953488191e-01
9.888268156424581123e-01 8.604651162790697416e-01
9.956548727498447660e-01 8.139534883720930258e-01
9.882060831781501742e-01 7.674418604651163101e-01
9.913097454996896429e-01 8.023255813953488191e-01
9.882060831781501742e-01 8.488372093023255349e-01
9.900682805710738776e-01 7.441860465116278966e-01
9.913097454996896429e-01 7.209302325581394832e-01
9.888268156424581123e-01 6.860465116279069742e-01
9.913097454996896429e-01 7.906976744186046124e-01
9.931719428926132354e-01 8.023255813953488191e-01
9.851024208566108165e-01 8.953488372093023617e-01
9.906890130353817048e-01 7.906976744186046124e-01
9.875853507138423470e-01 7.906976744186046124e-01
9.832402234636871130e-01 8.139534883720930258e-01
9.875853507138423470e-01 7.441860465116278966e-01
9.832402234636871130e-01 7.790697674418605168e-01
9.801365611421477553e-01 7.558139534883721034e-01
9.900682805710738776e-01 7.325581395348836899e-01
9.869646182495344089e-01 7.906976744186046124e-01
9.894475481067659395e-01 7.674418604651163101e-01
