9.675834970530451384e-01 8.720930232558139483e-01
9.616895874263261534e-01 8.720930232558139483e-01
9.656188605108054768e-01 8.720930232558139483e-01
9.646365422396856459e-01 8.023255813953488191e-01
9.705304518664047420e-01 8.953488372093023617e-01
9.705304518664047420e-01 8.255813953488372325e-01
9.636542239685658151e-01 8.604651162790697416e-01
9.675834970530451384e-01 8.837209302325581550e-01
9.587426326129665499e-01 9.186046511627906641e-01
9.646365422396856459e-01 8.372093023255814392e-01
9.705304518664047420e-01 8.255813953488372325e-01
9.656188605108054768e-01 9.069767441860464574e-01
9.577603143418467191e-01 8.953488372093023617e-01
9.695481335952849111e-01 8.720930232558139483e-01
9.626719056974459843e-01 8.837209302325581550e-01
9.567779960707268883e-01 8.023255813953488191e-01
9.636542239685658151e-01 8.837209302325581550e-01
9.666011787819253076e-01 8.023255813953488191e-01
9.675834970530451384e-01 8.720930232558139483e-01
9.577603143418467191e-01 8.720930232558139483e-01
9.548133595284872266e-01 8.837209302325581550e-01
9.685658153241650803e-01 8.953488372093023617e-01
9.695481335952849111e-01 8.488372093023255349e-01
9.626719056974459843e-01 8.372093023255814392e-01
9.607072691552063226e-01 8.372093023255814392e-01
9.577603143418467191e-01 8.139534883720930258e-01
9.538310412573673958e-01 8.837209302325581550e-01
9.695481335952849111e-01 8.488372093023255349e-01
9.685658153241650803e-01 8.604651162790697416e-01
9.656188605108054768e-01 8.837209302325581550e-01
9.616895874263261534e-01 8.604651162790697416e-01
9.616895874263261534e-01 8.720930232558139483e-01
9.675834970530451384e-01 7.906976744186046124e-01
9.675834970530451384e-01 8.488372093023255349e-01
9.724950884086444036e-01 9.186046511627906641e-01
9.646365422396856459e-01 8.255813953488372325e-01
9.636542239685658151e-01 7.790697674418605168e-01
9.636542239685658151e-01 8.372093023255814392e-01
9.754420432220038961e-01 8.604651162790697416e-01
9.646365422396856459e-01 8.372093023255814392e-01
9.587426326129665499e-01 7.674418604651163101e-01
9.724950884086444036e-01 8.720930232558139483e-01
9.666011787819253076e-01 8.372093023255814392e-01
9.616895874263261534e-01 8.255813953488372325e-01
9.567779960707268883e-01 8.837209302325581550e-01
9.705304518664047420e-01 8.255813953488372325e-01
9.557956777996070574e-01 8.604651162790697416e-01
9.616895874263261534e-01 8.604651162790697416e-01
9.715127701375245728e-01 8.023255813953488191e-01
9.656188605108054768e-01 8.255813953488372325e-01
9.705304518664047420e-01 8.488372093023255349e-01
9.666011787819253076e-01 8.837209302325581550e-01
9.587426326129665499e-01 9.069767441860464574e-01
9.626719056974459843e-01 8.255813953488372325e-01
9.666011787819253076e-01 8.255813953488372325e-01
9.734774066797642345e-01 8.604651162790697416e-01
9.685658153241650803e-01 8.604651162790697416e-01
9.666011787819253076e-01 8.604651162790697416e-01
9.675834970530451384e-01 8.255813953488372325e-01
9.597249508840864918e-01 8.720930232558139483e-01
9.469548133595284689e-01 8.604651162790697416e-01
9.666011787819253076e-01 8.488372093023255349e-01
9.567779960707268883e-01 9.302325581395348708e-01
9.646365422396856459e-01 8.604651162790697416e-01
9.616895874263261534e-01 8.604651162790697416e-01
9.607072691552063226e-01 8.837209302325581550e-01
9.626719056974459843e-01 8.720930232558139483e-01
9.675834970530451384e-01 8.023255813953488191e-01
9.715127701375245728e-01 8.837209302325581550e-01
9.626719056974459843e-01 8.255813953488372325e-01
9.616895874263261534e-01 8.720930232558139483e-01
9.607072691552063226e-01 8.720930232558139483e-01
9.675834970530451384e-01 8.255813953488372325e-01
9.656188605108054768e-01 8.720930232558139483e-01
9.577603143418467191e-01 7.906976744186046124e-01
9.636542239685658151e-01 8.837209302325581550e-01
9.754420432220038961e-01 8.953488372093023617e-01
9.656188605108054768e-01 8.488372093023255349e-01
9.685658153241650803e-01 7.906976744186046124e-01
9.646365422396856459e-01 8.837209302325581550e-01
9.636542239685658151e-01 8.372093023255814392e-01
9.705304518664047420e-01 9.186046511627906641e-01
9.607072691552063226e-01 8.488372093023255349e-01
9.666011787819253076e-01 9.069767441860464574e-01
9.587426326129665499e-01 8.953488372093023617e-01
9.685658153241650803e-01 8.139534883720930258e-01
9.597249508840864918e-01 7.790697674418605168e-01
9.567779960707268883e-01 8.604651162790697416e-01
9.685658153241650803e-01 8.139534883720930258e-01
9.607072691552063226e-01 8.837209302325581550e-01
9.557956777996070574e-01 8.372093023255814392e-01
9.626719056974459843e-01 9.069767441860464574e-01
9.646365422396856459e-01 8.604651162790697416e-01
9.616895874263261534e-01 8.255813953488372325e-01
9.508840864440079033e-01 8.255813953488372325e-01
9.695481335952849111e-01 9.069767441860464574e-01
9.685658153241650803e-01 8.953488372093023617e-01
9.666011787819253076e-01 8.139534883720930258e-01
9.656188605108054768e-01 8.372093023255814392e-01
9.626719056974459843e-01 8.604651162790697416e-01
