9.614147909967846184e-01 8.837209302325581550e-01
9.614147909967846184e-01 8.372093023255814392e-01
9.710610932475883805e-01 8.139534883720930258e-01
9.657020364415862534e-01 9.534883720930232842e-01
9.667738478027867455e-01 8.837209302325581550e-01
9.539121114683816183e-01 9.069767441860464574e-01
9.753483386923901266e-01 8.488372093023255349e-01
9.646302250803858724e-01 8.255813953488372325e-01
9.678456591639871265e-01 9.186046511627906641e-01
9.603429796355841264e-01 8.953488372093023617e-01
9.667738478027867455e-01 9.186046511627906641e-01
9.635584137191853804e-01 8.720930232558139483e-01
9.667738478027867455e-01 8.837209302325581550e-01
9.657020364415862534e-01 8.837209302325581550e-01
9.646302250803858724e-01 8.720930232558139483e-01
9.603429796355841264e-01 8.604651162790697416e-01
9.603429796355841264e-01 9.651162790697674909e-01
9.603429796355841264e-01 8.604651162790697416e-01
9.753483386923901266e-01 9.069767441860464574e-01
9.699892818863879995e-01 8.720930232558139483e-01
9.549839228295819993e-01 9.418604651162790775e-01
9.817792068595927457e-01 8.720930232558139483e-01
9.689174705251876185e-01 8.255813953488372325e-01
9.560557341907823803e-01 8.837209302325581550e-01
9.571275455519828723e-01 9.418604651162790775e-01
9.721329046087888726e-01 8.720930232558139483e-01
9.453376205787781261e-01 8.023255813953488191e-01
9.753483386923901266e-01 8.837209302325581550e-01
9.624866023579849994e-01 8.837209302325581550e-01
9.753483386923901266e-01 8.953488372093023617e-01
9.657020364415862534e-01 8.953488372093023617e-01
9.635584137191853804e-01 9.186046511627906641e-01
9.624866023579849994e-01 8.837209302325581550e-01
9.667738478027867455e-01 8.023255813953488191e-01
9.646302250803858724e-01 8.372093023255814392e-01
9.635584137191853804e-01 8.604651162790697416e-01
9.614147909967846184e-01 8.953488372093023617e-01
9.592711682743837454e-01 8.953488372093023617e-01
9.710610932475883805e-01 8.837209302325581550e-01
9.646302250803858724e-01 9.186046511627906641e-01
9.667738478027867455e-01 9.069767441860464574e-01
9.678456591639871265e-01 8.720930232558139483e-01
9.689174705251876185e-01 8.255813953488372325e-01
9.560557341907823803e-01 8.372093023255814392e-01
9.592711682743837454e-01 8.604651162790697416e-01
9.689174705251876185e-01 9.069767441860464574e-01
9.667738478027867455e-01 8.953488372093023617e-01
9.699892818863879995e-01 8.488372093023255349e-01
9.571275455519828723e-01 9.186046511627906641e-01
9.710610932475883805e-01 8.837209302325581550e-01
9.528403001071811262e-01 8.953488372093023617e-01
9.624866023579849994e-01 9.186046511627906641e-01
9.592711682743837454e-01 8.720930232558139483e-01
9.560557341907823803e-01 8.720930232558139483e-01
9.539121114683816183e-01 8.720930232558139483e-01
9.785637727759913806e-01 8.837209302325581550e-01
9.678456591639871265e-01 8.720930232558139483e-01
9.539121114683816183e-01 9.069767441860464574e-01
9.667738478027867455e-01 9.069767441860464574e-01
9.560557341907823803e-01 9.069767441860464574e-01
9.667738478027867455e-01 9.418604651162790775e-01
9.657020364415862534e-01 8.837209302325581550e-01
9.689174705251876185e-01 9.069767441860464574e-01
9.528403001071811262e-01 8.953488372093023617e-01
9.646302250803858724e-01 8.372093023255814392e-01
9.614147909967846184e-01 8.488372093023255349e-01
9.657020364415862534e-01 9.069767441860464574e-01
9.710610932475883805e-01 9.302325581395348708e-01
9.592711682743837454e-01 8.837209302325581550e-01
9.614147909967846184e-01 9.186046511627906641e-01
9.581993569131832533e-01 9.302325581395348708e-01
9.699892818863879995e-01 8.837209302325581550e-01
9.614147909967846184e-01 9.069767441860464574e-01
9.603429796355841264e-01 8.255813953488372325e-01
9.624866023579849994e-01 8.953488372093023617e-01
9.571275455519828723e-01 8.372093023255814392e-01
9.721329046087888726e-01 8.488372093023255349e-01
9.710610932475883805e-01 8.837209302325581550e-01
9.603429796355841264e-01 8.604651162790697416e-01
9.614147909967846184e-01 8.372093023255814392e-01
9.528403001071811262e-01 8.255813953488372325e-01
9.657020364415862534e-01 9.069767441860464574e-01
9.603429796355841264e-01 9.069767441860464574e-01
9.678456591639871265e-01 8.488372093023255349e-01
9.710610932475883805e-01 9.069767441860464574e-01
9.614147909967846184e-01 8.720930232558139483e-01
9.603429796355841264e-01 8.255813953488372325e-01
9.539121114683816183e-01 8.953488372093023617e-01
9.753483386923901266e-01 8.372093023255814392e-01
9.742765273311897456e-01 8.488372093023255349e-01
9.614147909967846184e-01 8.720930232558139483e-01
9.603429796355841264e-01 8.837209302325581550e-01
9.592711682743837454e-01 7.790697674418605168e-01
9.624866023579849994e-01 9.069767441860464574e-01
9.657020364415862534e-01 9.069767441860464574e-01
9.678456591639871265e-01 8.604651162790697416e-01
9.678456591639871265e-01 9.069767441860464574e-01
9.624866023579849994e-01 8.720930232558139483e-01
9.657020364415862534e-01 8.953488372093023617e-01
9.667738478027867455e-01 8.720930232558139483e-01
