9.819182389937106681e-01 7.441860465116278966e-01
9.772012578616352529e-01 7.441860465116278966e-01
9.638364779874213362e-01 7.558139534883721034e-01
9.795597484276729050e-01 8.372093023255814392e-01
9.858490566037735325e-01 8.023255813953488191e-01
9.795597484276729050e-01 7.906976744186046124e-01
9.740566037735849392e-01 8.604651162790697416e-01
9.787735849056603543e-01 8.023255813953488191e-01
9.756289308176100405e-01 8.488372093023255349e-01
9.811320754716981174e-01 7.906976744186046124e-01
9.803459119496855667e-01 8.023255813953488191e-01
9.850628930817609819e-01 8.604651162790697416e-01
9.756289308176100405e-01 7.790697674418605168e-01
9.756289308176100405e-01 8.372093023255814392e-01
9.858490566037735325e-01 7.674418604651163101e-01
9.764150943396225912e-01 7.790697674418605168e-01
9.795597484276729050e-01 7.906976744186046124e-01
9.803459119496855667e-01 7.790697674418605168e-01
9.779874213836478036e-01 7.325581395348836899e-01
9.732704402515722775e-01 8.837209302325581550e-01
9.772012578616352529e-01 7.790697674418605168e-01
9.858490566037735325e-01 8.023255813953488191e-01
9.748427672955974899e-01 8.837209302325581550e-01
9.685534591194968623e-01 7.790697674418605168e-01
9.779874213836478036e-01 8.023255813953488191e-01
9.827044025157232188e-01 8.372093023255814392e-01
9.756289308176100405e-01 8.372093023255814392e-01
9.834905660377358805e-01 7.674418604651163101e-01
9.740566037735849392e-01 7.325581395348836899e-01
9.874213836477987449e-01 8.604651162790697416e-01
9.842767295597484312e-01 8.488372093023255349e-01
9.811320754716981174e-01 8.604651162790697416e-01
9.709119496855346254e-01 8.023255813953488191e-01
9.819182389937106681e-01 7.558139534883721034e-01
9.842767295597484312e-01 8.372093023255814392e-01
9.772012578616352529e-01 8.255813953488372325e-01
9.795597484276729050e-01 8.139534883720930258e-01
9.740566037735849392e-01 7.790697674418605168e-01
9.874213836477987449e-01 7.325581395348836899e-01
9.787735849056603543e-01 8.604651162790697416e-01
9.787735849056603543e-01 8.023255813953488191e-01
9.819182389937106681e-01 7.674418604651163101e-01
9.811320754716981174e-01 8.139534883720930258e-01
9.740566037735849392e-01 8.255813953488372325e-01
9.787735849056603543e-01 7.674418604651163101e-01
9.850628930817609819e-01 8.139534883720930258e-01
9.803459119496855667e-01 7.906976744186046124e-01
9.795597484276729050e-01 8.139534883720930258e-01
9.811320754716981174e-01 8.372093023255814392e-01
9.701257861635219637e-01 7.441860465116278966e-01
9.811320754716981174e-01 7.674418604651163101e-01
9.772012578616352529e-01 8.255813953488372325e-01
9.850628930817609819e-01 7.674418604651163101e-01
9.787735849056603543e-01 7.674418604651163101e-01
9.756289308176100405e-01 8.604651162790697416e-01
9.795597484276729050e-01 7.790697674418605168e-01
9.827044025157232188e-01 8.139534883720930258e-01
9.787735849056603543e-01 8.837209302325581550e-01
9.819182389937106681e-01 7.906976744186046124e-01
9.803459119496855667e-01 8.139534883720930258e-01
9.677672955974843116e-01 8.604651162790697416e-01
9.803459119496855667e-01 7.674418604651163101e-01
9.756289308176100405e-01 8.837209302325581550e-01
9.764150943396225912e-01 8.372093023255814392e-01
9.677672955974843116e-01 7.558139534883721034e-01
9.779874213836478036e-01 8.372093023255814392e-01
9.803459119496855667e-01 7.674418604651163101e-01
9.795597484276729050e-01 7.325581395348836899e-01
9.842767295597484312e-01 8.139534883720930258e-01
9.693396226415094130e-01 8.255813953488372325e-01
9.787735849056603543e-01 8.953488372093023617e-01
9.795597484276729050e-01 7.558139534883721034e-01
9.842767295597484312e-01 7.790697674418605168e-01
9.779874213836478036e-01 8.255813953488372325e-01
9.827044025157232188e-01 8.139534883720930258e-01
9.732704402515722775e-01 8.255813953488372325e-01
9.772012578616352529e-01 8.488372093023255349e-01
9.866352201257861942e-01 8.372093023255814392e-01
9.709119496855346254e-01 7.209302325581394832e-01
9.724842767295597268e-01 8.488372093023255349e-01
9.740566037735849392e-01 7.906976744186046124e-01
9.842767295597484312e-01 8.023255813953488191e-01
9.764150943396225912e-01 7.906976744186046124e-01
9.787735849056603543e-01 7.790697674418605168e-01
9.795597484276729050e-01 8.372093023255814392e-01
9.779874213836478036e-01 8.488372093023255349e-01
9.819182389937106681e-01 8.837209302325581550e-01
9.638364779874213362e-01 8.023255813953488191e-01
9.803459119496855667e-01 8.720930232558139483e-01
9.819182389937106681e-01 8.372093023255814392e-01
9.724842767295597268e-01 8.488372093023255349e-01
9.795597484276729050e-01 7.790697674418605168e-01
9.787735849056603543e-01 8.488372093023255349e-01
9.740566037735849392e-01 8.255813953488372325e-01
9.811320754716981174e-01 8.372093023255814392e-01
9.811320754716981174e-01 9.069767441860464574e-01
9.740566037735849392e-01 8.837209302325581550e-01
9.787735849056603543e-01 7.906976744186046124e-01
9.858490566037735325e-01 8.720930232558139483e-01
9.819182389937106681e-01 8.023255813953488191e-01
