9.882075471698112956e-01 8.372093023255814392e-01
9.887971698113207086e-01 7.441860465116278966e-01
9.858490566037735325e-01 8.023255813953488191e-01
9.946933962264150608e-01 8.255813953488372325e-01
9.946933962264150608e-01 7.674418604651163101e-01
9.941037735849056478e-01 7.906976744186046124e-01
9.935141509433962348e-01 8.372093023255814392e-01
9.917452830188678847e-01 8.139534883720930258e-01
9.935141509433962348e-01 7.906976744186046124e-01
9.858490566037735325e-01 7.558139534883721034e-01
9.911556603773584717e-01 7.209302325581394832e-01
9.935141509433962348e-01 7.558139534883721034e-01
9.946933962264150608e-01 7.093023255813953876e-01
9.952830188679244738e-01 7.093023255813953876e-01
9.952830188679244738e-01 7.441860465116278966e-01
9.882075471698112956e-01 7.906976744186046124e-01
9.876179245283018826e-01 7.790697674418605168e-01
9.946933962264150608e-01 7.674418604651163101e-01
9.917452830188678847e-01 7.441860465116278966e-01
9.935141509433962348e-01 8.023255813953488191e-01
9.935141509433962348e-01 8.488372093023255349e-01
9.917452830188678847e-01 8.139534883720930258e-01
9.887971698113207086e-01 7.790697674418605168e-01
9.941037735849056478e-01 8.023255813953488191e-01
9.929245283018868218e-01 8.255813953488372325e-01
9.917452830188678847e-01 8.255813953488372325e-01
9.941037735849056478e-01 7.558139534883721034e-01
9.941037735849056478e-01 8.139534883720930258e-01
9.929245283018868218e-01 7.674418604651163101e-01
9.905660377358490587e-01 7.325581395348836899e-01
9.899764150943396457e-01 8.139534883720930258e-01
9.923349056603774088e-01 8.372093023255814392e-01
9.893867924528302327e-01 8.139534883720930258e-01
9.876179245283018826e-01 8.023255813953488191e-01
9.935141509433962348e-01 7.906976744186046124e-01
9.899764150943396457e-01 7.906976744186046124e-01
9.935141509433962348e-01 8.604651162790697416e-01
9.846698113207547065e-01 8.023255813953488191e-01
9.946933962264150608e-01 8.139534883720930258e-01
9.941037735849056478e-01 8.139534883720930258e-01
9.899764150943396457e-01 6.860465116279069742e-01
9.858490566037735325e-01 7.093023255813953876e-01
9.917452830188678847e-01 7.906976744186046124e-01
9.905660377358490587e-01 8.372093023255814392e-01
9.923349056603774088e-01 8.139534883720930258e-01
9.911556603773584717e-01 6.860465116279069742e-01
9.911556603773584717e-01 7.441860465116278966e-01
9.958726415094339979e-01 7.790697674418605168e-01
9.887971698113207086e-01 7.325581395348836899e-01
9.887971698113207086e-01 8.488372093023255349e-01
9.870283018867924696e-01 8.023255813953488191e-01
9.899764150943396457e-01 7.441860465116278966e-01
9.941037735849056478e-01 7.906976744186046124e-01
9.923349056603774088e-01 7.441860465116278966e-01
9.882075471698112956e-01 7.441860465116278966e-01
9.882075471698112956e-01 7.209302325581394832e-01
9.958726415094339979e-01 8.372093023255814392e-01
9.893867924528302327e-01 7.209302325581394832e-01
9.929245283018868218e-01 7.441860465116278966e-01
9.893867924528302327e-01 7.325581395348836899e-01
9.882075471698112956e-01 7.790697674418605168e-01
9.941037735849056478e-01 8.604651162790697416e-01
9.917452830188678847e-01 7.558139534883721034e-01
9.905660377358490587e-01 8.372093023255814392e-01
9.893867924528302327e-01 7.790697674418605168e-01
9.917452830188678847e-01 8.372093023255814392e-01
9.964622641509434109e-01 7.441860465116278966e-01
9.929245283018868218e-01 8.488372093023255349e-01
9.929245283018868218e-01 7.790697674418605168e-01
9.899764150943396457e-01 8.139534883720930258e-01
9.929245283018868218e-01 7.441860465116278966e-01
9.929245283018868218e-01 7.674418604651163101e-01
9.935141509433962348e-01 7.441860465116278966e-01
9.917452830188678847e-01 7.558139534883721034e-01
9.905660377358490587e-01 7.325581395348836899e-01
9.952830188679244738e-01 8.372093023255814392e-01
9.935141509433962348e-01 7.558139534883721034e-01
9.911556603773584717e-01 7.906976744186046124e-01
9.893867924528302327e-01 8.953488372093023617e-01
9.917452830188678847e-01 8.139534883720930258e-01
9.893867924528302327e-01 8.488372093023255349e-01
9.935141509433962348e-01 7.674418604651163101e-01
9.917452830188678847e-01 7.906976744186046124e-01
9.929245283018868218e-01 8.255813953488372325e-01
9.929245283018868218e-01 7.674418604651163101e-01
9.923349056603774088e-01 7.441860465116278966e-01
9.917452830188678847e-01 7.674418604651163101e-01
9.941037735849056478e-01 8.023255813953488191e-01
9.887971698113207086e-01 7.558139534883721034e-01
9.917452830188678847e-01 7.906976744186046124e-01
9.923349056603774088e-01 7.790697674418605168e-01
9.917452830188678847e-01 7.790697674418605168e-01
9.929245283018868218e-01 7.441860465116278966e-01
9.864386792452830566e-01 8.139534883720930258e-01
9.905660377358490587e-01 8.488372093023255349e-01
9.946933962264150608e-01 8.023255813953488191e-01
9.899764150943396457e-01 7.441860465116278966e-01
9.917452830188678847e-01 7.790697674418605168e-01
9.929245283018868218e-01 8.139534883720930258e-01
9.905660377358490587e-01 8.139534883720930258e-01
