1.383125864453665227e-02 1.951219512195122019e-01
9.052924791086351328e-03 2.065217391304347838e-01
1.127554615926708997e-02 3.577981651376146988e-01
9.681881051175657282e-03 1.219512195121951192e-01
1.106500691562932286e-02 1.463414634146341375e-01
9.769713886950453369e-03 2.421052631578947401e-01
6.983240223463686724e-03 2.083333333333333426e-01
1.393728222996515678e-02 2.903225806451613100e-01
1.400560224089635909e-02 3.400000000000000244e-01
1.118099231306778421e-02 2.783505154639175361e-01
1.319444444444444441e-02 2.386363636363636465e-01
1.252609603340292324e-02 2.527472527472527375e-01
1.386962552011095778e-02 2.325581395348837177e-01
1.383125864453665227e-02 1.951219512195122019e-01
1.586206896551724255e-02 1.923076923076923184e-01
1.253481894150417809e-02 2.608695652173912971e-01
1.321279554937413066e-02 2.555555555555555358e-01
1.722949689869055986e-02 2.077922077922078059e-01
1.179736294240111075e-02 2.068965517241379282e-01
9.810791871058164096e-03 2.871287128712871062e-01
1.121233356692361537e-02 3.069306930693069257e-01
1.180555555555555525e-02 2.159090909090909116e-01
1.388888888888888812e-02 2.500000000000000000e-01
1.036627505183137544e-02 1.234567901234567833e-01
1.110340041637751518e-02 1.954022988505747238e-01
9.749303621169916681e-03 2.173913043478260809e-01
1.043841336116910212e-02 2.197802197802197766e-01
1.453287197231833972e-02 2.168674698795180766e-01
1.664355062413314795e-02 2.790697674418604612e-01
1.450276243093922592e-02 1.875000000000000000e-01
8.385744234800839025e-03 2.371134020618556604e-01
1.180555555555555525e-02 2.159090909090909116e-01
8.426966292134831227e-03 2.884615384615384359e-01
1.315789473684210453e-02 2.023809523809523836e-01
1.250868658790827044e-02 2.359550561797752743e-01
1.042390548992355725e-02 2.022471910112359494e-01
6.284916201117318746e-03 1.979166666666666574e-01
1.324041811846689981e-02 2.795698924731182533e-01
1.172413793103448294e-02 1.153846153846153910e-01
9.762900976290097080e-03 2.340425531914893664e-01
1.046755059316119979e-02 2.526315789473684292e-01
1.111111111111111154e-02 2.045454545454545581e-01
1.320361362056983977e-02 2.471910112359550493e-01
8.350730688935281004e-03 1.868131868131868156e-01
1.187150837988826778e-02 2.812500000000000000e-01
8.327550312283136386e-03 1.494252873563218509e-01
1.315789473684210453e-02 2.023809523809523836e-01
9.749303621169916681e-03 2.173913043478260809e-01
1.315789473684210453e-02 2.023809523809523836e-01
9.078212290502794130e-03 2.395833333333333426e-01
1.246537396121883724e-02 1.904761904761904656e-01
1.323119777158774345e-02 2.717391304347825942e-01
1.470588235294117627e-02 3.499999999999999778e-01
1.249132546842470458e-02 2.183908045977011603e-01
1.053370786516853903e-02 3.173076923076922906e-01
8.403361344537814762e-03 2.600000000000000089e-01
1.250000000000000069e-02 2.272727272727272652e-01
7.686932215234101862e-03 2.268041237113402053e-01
8.368200836820082963e-03 2.127659574468085124e-01
1.593901593901593874e-02 2.588235294117647300e-01
8.415147265077138616e-03 2.745098039215686514e-01
1.454293628808864258e-02 2.261904761904761918e-01
9.831460674157303098e-03 3.076923076923077094e-01
1.318528799444830014e-02 2.298850574712643646e-01
1.728907330567081707e-02 2.560975609756097615e-01
1.803051317614424304e-02 3.023255813953488191e-01
1.184668989547038413e-02 2.580645161290322509e-01
9.084556254367574454e-03 2.474226804123711432e-01
1.386962552011095778e-02 2.325581395348837177e-01
1.328671328671328714e-02 3.163265306122449161e-01
1.113430758524704307e-02 2.307692307692307820e-01
1.462395543175487415e-02 2.934782608695652439e-01
1.313969571230982035e-02 1.829268292682926789e-01
1.386962552011095778e-02 2.325581395348837177e-01
1.040943789035392135e-02 1.839080459770114917e-01
1.114206128133704739e-02 2.391304347826087029e-01
1.243093922651933650e-02 1.499999999999999944e-01
1.040221914008321834e-02 1.744186046511627952e-01
1.391788448155880341e-02 2.747252747252747485e-01
1.178918169209431342e-02 1.976744186046511531e-01
6.333567909922589549e-03 2.803738317757009102e-01
1.388888888888888812e-02 2.500000000000000000e-01
7.660167130919219754e-03 1.847826086956521618e-01
1.390820584144645405e-02 2.666666666666666630e-01
1.465457083042568005e-02 3.157894736842105088e-01
1.250868658790827044e-02 2.359550561797752743e-01
1.527777777777777728e-02 2.727272727272727071e-01
1.123595505617977497e-02 3.269230769230769273e-01
1.319444444444444441e-02 2.386363636363636465e-01
1.388888888888888812e-02 2.500000000000000000e-01
9.776536312849162108e-03 2.500000000000000000e-01
1.046025104602510414e-02 2.446808510638297796e-01
1.178918169209431342e-02 1.976744186046511531e-01
9.097270818754374377e-03 2.626262626262626521e-01
1.181375955524669938e-02 2.247191011235954994e-01
1.250868658790827044e-02 2.359550561797752743e-01
1.820728291316526734e-02 4.000000000000000222e-01
1.593901593901593874e-02 2.588235294117647300e-01
9.776536312849162108e-03 2.500000000000000000e-01
7.697690692792162268e-03 2.424242424242424310e-01
