1.104417670682730952e-02 3.055555555555555802e-01
1.111111111111111154e-02 3.421052631578947456e-01
1.106639839034205194e-02 3.181818181818181768e-01
1.701701701701701860e-02 3.428571428571428603e-01
9.027081243731194249e-03 2.803738317757009102e-01
1.495513459621136514e-02 2.970297029702970160e-01
1.208459214501510573e-02 3.333333333333333148e-01
1.005025125628140718e-02 3.027522935779816682e-01
7.121057985757884255e-03 3.471074380165289353e-01
1.405622489959839315e-02 3.333333333333333148e-01
1.495513459621136514e-02 2.970297029702970160e-01
8.072653884964682211e-03 3.097345132743362650e-01
9.146341463414633596e-03 3.583333333333333370e-01
1.102204408817635331e-02 2.924528301886792359e-01
1.010101010101010187e-02 3.333333333333333148e-01
1.715438950554994818e-02 3.893805309734513220e-01
1.009081735620585320e-02 3.274336283185840801e-01
1.698301698301698387e-02 3.300970873786407966e-01
1.104417670682730952e-02 3.055555555555555802e-01
1.115618661257606475e-02 3.644067796610169219e-01
1.018329938900203700e-02 3.770491803278688270e-01
9.045226130653265945e-03 2.935779816513761631e-01
1.299999999999999940e-02 2.980769230769230727e-01
1.408450704225352144e-02 3.454545454545454586e-01
1.411290322580645122e-02 3.571428571428571508e-01
1.614530776992936442e-02 3.805309734513274145e-01
1.019367991845056103e-02 3.821138211382114069e-01
1.299999999999999940e-02 2.980769230769230727e-01
1.202404809619238464e-02 3.018867924528301772e-01
1.007049345417925477e-02 3.153153153153153143e-01
1.210898082744702245e-02 3.451327433628318397e-01
1.111111111111111154e-02 3.421052631578947456e-01
1.794616151545364024e-02 3.267326732673267453e-01
1.302605210420841597e-02 3.113207547169811185e-01
7.021063189568706349e-03 2.616822429906541791e-01
1.504513540621865535e-02 3.364485981308411033e-01
1.899999999999999953e-02 3.557692307692307820e-01
1.407035175879397040e-02 3.394495412844036886e-01
1.194029850746268669e-02 2.525252525252525415e-01
1.405622489959839315e-02 3.333333333333333148e-01
2.008032128514056214e-02 3.888888888888888951e-01
1.098901098901098987e-02 2.718446601941747476e-01
1.402805611222444904e-02 3.207547169811320598e-01
1.509054325955734403e-02 3.545454545454545525e-01
1.016260162601625994e-02 3.666666666666666408e-01
1.495513459621136514e-02 2.970297029702970160e-01
1.218274111675126878e-02 3.781512605042016695e-01
1.210898082744702245e-02 3.451327433628318397e-01
1.689860834990059707e-02 2.959183673469387710e-01
1.503006012024048037e-02 3.301886792452830011e-01
1.298701298701298787e-02 2.912621359223300788e-01
1.006036217303822936e-02 3.090909090909090828e-01
8.130081300813008990e-03 3.499999999999999778e-01
1.507537688442210991e-02 3.486238532110091937e-01
1.501501501501501488e-02 3.238095238095238249e-01
1.196410767696909350e-02 2.673267326732673421e-01
1.202404809619238464e-02 3.018867924528301772e-01
1.204819277108433798e-02 3.148148148148148251e-01
1.499999999999999944e-02 3.173076923076922906e-01
1.113360323886639601e-02 3.534482758620689502e-01
1.229508196721311453e-02 4.218750000000000000e-01
1.303911735205616831e-02 3.177570093457943723e-01
6.122448979591836420e-03 3.548387096774193727e-01
1.207243460764587453e-02 3.272727272727272707e-01
1.210898082744702245e-02 3.451327433628318397e-01
1.012145748987854262e-02 3.448275862068965747e-01
1.109989909182643869e-02 3.362831858407079877e-01
1.696606786427145783e-02 3.235294117647058987e-01
1.001001001001000992e-02 2.761904761904762085e-01
1.507537688442210991e-02 3.486238532110091937e-01
1.111111111111111154e-02 3.421052631578947456e-01
1.112234580384226408e-02 3.478260869565217295e-01
1.499999999999999944e-02 3.173076923076922906e-01
1.106639839034205194e-02 3.181818181818181768e-01
1.812688821752266033e-02 3.873873873873873719e-01
1.009081735620585320e-02 3.274336283185840801e-01
8.982035928143712253e-03 2.450980392156862642e-01
1.305220883534136470e-02 3.240740740740740700e-01
1.792828685258964286e-02 3.200000000000000067e-01
1.008064516129032230e-02 3.214285714285714524e-01
1.407035175879397040e-02 3.394495412844036886e-01
7.035175879396985202e-03 2.752293577981651529e-01
1.311806256306760794e-02 3.539823008849557473e-01
8.064516129032257841e-03 3.035714285714285476e-01
9.137055837563452451e-03 3.529411764705882582e-01
1.596806387225548768e-02 3.137254901960784270e-01
1.907630522088353542e-02 3.796296296296296502e-01
1.217038539553752519e-02 3.728813559322033955e-01
1.596806387225548768e-02 3.137254901960784270e-01
1.012145748987854262e-02 3.448275862068965747e-01
1.418439716312056703e-02 3.846153846153846367e-01
8.097165991902834092e-03 3.275862068965517127e-01
1.207243460764587453e-02 3.272727272727272707e-01
1.509054325955734403e-02 3.545454545454545525e-01
1.525940996948118092e-02 4.132231404958677801e-01
8.040201005025126441e-03 2.844036697247706580e-01
9.045226130653265945e-03 2.935779816513761631e-01
1.600000000000000033e-02 3.269230769230769273e-01
1.404212637913741270e-02 3.271028037383177378e-01
1.209677419354838676e-02 3.392857142857143016e-01
