1.466275659824047006e-02 1.645569620253164445e-01
1.263001485884101063e-02 2.886597938144329634e-01
1.200300075018754728e-02 3.636363636363636465e-01
1.768607221812822441e-02 2.790697674418604612e-01
1.547531319086219680e-02 2.441860465116278966e-01
1.263001485884101063e-02 2.886597938144329634e-01
1.622418879056047175e-02 2.643678160919540332e-01
8.882309400444115058e-03 1.956521739130434867e-01
1.040118870728083157e-02 2.577319587628865705e-01
1.486988847583643053e-02 3.265306122448979331e-01
