8.849557522123893682e-03 3.217391304347825831e-01
1.428571428571428527e-02 3.302752293577981835e-01
1.523394994559303627e-02 2.800000000000000266e-01
7.726269315673289610e-03 3.008849557522124130e-01
1.096491228070175378e-02 2.897196261682242757e-01
8.908685968819598719e-03 3.553719008264462631e-01
1.518438177874186466e-02 2.577319587628865705e-01
1.420765027322404457e-02 2.980769230769230727e-01
8.820286659316427941e-03 3.035714285714285476e-01
1.208791208791208834e-02 3.119266055045871733e-01
