1.303780964797913999e-02 1.645569620253164445e-01
1.183431952662721866e-02 2.608695652173912971e-01
1.317523056653491405e-02 3.052631578947368474e-01
1.559454191033138315e-02 1.621621621621621712e-01
1.048492791612057676e-02 1.954022988505747238e-01
1.373446697187704311e-02 2.261904761904761918e-01
1.308044473512099369e-02 2.142857142857142738e-01
1.174168297455968624e-02 1.499999999999999944e-01
1.118421052631578955e-02 2.580645161290322509e-01
1.369863013698630061e-02 1.875000000000000000e-01
1.436969301110385330e-02 2.195121951219512202e-01
9.842519685039369942e-03 2.022471910112359494e-01
1.047120418848167603e-02 1.764705882352941291e-01
1.495448634590377038e-02 1.600000000000000033e-01
1.109660574412532630e-02 1.481481481481481399e-01
1.125082726671078684e-02 3.235294117647058987e-01
9.210526315789472826e-03 2.258064516129032195e-01
9.842519685039369942e-03 2.022471910112359494e-01
7.868852459016393436e-03 1.590909090909090884e-01
1.508196721311475495e-02 2.840909090909091161e-01
1.245901639344262381e-02 2.386363636363636465e-01
1.111111111111111154e-02 1.686746987951807109e-01
9.861932938856015837e-03 2.282608695652173780e-01
1.500326157860404352e-02 2.124999999999999944e-01
9.894459102902375403e-03 2.680412371134020533e-01
5.287508261731658707e-03 2.200000000000000011e-01
1.380670611439842148e-02 2.934782608695652439e-01
9.174311926605505096e-03 1.724137931034482873e-01
1.174934725848563941e-02 1.604938271604938183e-01
1.178781925343811397e-02 2.093023255813953598e-01
1.507208387942332931e-02 2.758620689655172376e-01
1.373446697187704311e-02 2.261904761904761918e-01
1.124338624338624276e-02 3.168316831683168355e-01
7.894736842105263414e-03 2.043010752688172171e-01
7.899934167215273695e-03 2.127659574468085124e-01
1.629726205997392499e-02 2.278481012658227778e-01
1.116951379763469164e-02 2.417582417582417598e-01
1.577909270216962603e-02 3.260869565217391353e-01
1.041666666666666609e-02 9.090909090909091161e-02
1.245085190039318425e-02 2.298850574712643646e-01
1.185770750988142212e-02 2.842105263157894690e-01
7.265521796565389649e-03 2.424242424242424310e-01
7.246376811594202987e-03 2.105263157894736725e-01
1.305483028720626562e-02 1.851851851851851749e-01
1.504251144538914370e-02 2.500000000000000000e-01
1.110385369039843320e-02 1.585365853658536606e-01
1.182654402102496782e-02 2.527472527472527375e-01
8.535784635587656544e-03 1.888888888888888840e-01
7.246376811594202987e-03 2.105263157894736725e-01
1.052631578947368397e-02 2.473118279569892497e-01
1.244269810085134320e-02 2.209302325581395388e-01
9.881422924901185970e-03 2.526315789473684292e-01
1.111111111111111154e-02 1.686746987951807109e-01
1.108213820078226934e-02 1.265822784810126667e-01
9.253139458030404038e-03 2.800000000000000266e-01
7.265521796565389649e-03 2.424242424242424310e-01
1.564537157757496869e-02 2.151898734177215278e-01
9.168303863785200528e-03 1.627906976744186163e-01
1.049868766404199460e-02 2.134831460674157244e-01
1.180327868852459015e-02 2.272727272727272652e-01
5.312084993359893377e-03 2.710280373831775447e-01
1.497395833333333391e-02 1.818181818181818232e-01
1.252471984179301216e-02 3.020833333333333148e-01
9.842519685039369942e-03 2.022471910112359494e-01
1.245901639344262381e-02 2.386363636363636465e-01
9.836065573770492662e-03 1.931818181818181768e-01
1.304631441617742915e-02 1.749999999999999889e-01
9.216589861751152066e-03 2.340425531914893664e-01
8.502289077828645986e-03 1.309523809523809590e-01
9.216589861751152066e-03 2.340425531914893664e-01
1.177240026160889484e-02 1.904761904761904656e-01
1.380670611439842148e-02 2.934782608695652439e-01
1.248357424441524227e-02 2.637362637362637430e-01
1.312335958005249326e-02 2.584269662921348520e-01
7.879185817465527916e-03 1.777777777777777846e-01
9.168303863785200528e-03 1.627906976744186163e-01
1.047120418848167603e-02 1.764705882352941291e-01
9.842519685039369942e-03 2.022471910112359494e-01
1.519154557463672436e-02 3.636363636363636465e-01
1.692708333333333218e-02 2.207792207792207695e-01
8.580858085808580962e-03 2.551020408163265363e-01
1.108936725375081478e-02 1.375000000000000111e-01
1.564537157757496869e-02 2.151898734177215278e-01
1.178781925343811397e-02 2.093023255813953598e-01
1.308044473512099369e-02 2.142857142857142738e-01
9.914077990746859859e-03 2.899999999999999800e-01
1.044386422976501319e-02 1.358024691358024616e-01
1.442622950819672130e-02 2.727272727272727071e-01
1.178010471204188510e-02 2.000000000000000111e-01
1.180327868852459015e-02 2.272727272727272652e-01
1.119157340355497049e-02 2.659574468085106336e-01
1.051248357424441546e-02 2.307692307692307820e-01
1.435094585779517207e-02 2.000000000000000111e-01
9.874917709019092119e-03 2.446808510638297796e-01
8.552631578947368987e-03 2.150537634408602183e-01
1.048492791612057676e-02 1.954022988505747238e-01
7.910349373764008138e-03 2.291666666666666574e-01
9.842519685039369942e-03 2.022471910112359494e-01
1.055408970976253261e-02 2.783505154639175361e-01
8.563899868247694044e-03 2.315789473684210509e-01
