1.366459627329192489e-02 2.643678160919540332e-01
1.423267326732673317e-02 2.222222222222222099e-01
1.186758276077451608e-02 3.020833333333333148e-01
1.050030883261272342e-02 1.153846153846153910e-01
1.359703337453646403e-02 1.898734177215190000e-01
1.422387136672850945e-02 2.124999999999999944e-01
1.424148606811145509e-02 2.317073170731707432e-01
1.480567550894509518e-02 1.842105263157894635e-01
1.237623762376237682e-02 1.851851851851851749e-01
9.357454772301933635e-03 2.446808510638297796e-01
1.121495327102803655e-02 2.608695652173912971e-01
8.701056556867620140e-03 1.818181818181818232e-01
1.296296296296296259e-02 1.558441558441558406e-01
9.931719428926132770e-03 1.860465116279069742e-01
1.656441717791411194e-02 1.194029850746268634e-01
1.124999999999999958e-02 2.989690721649484462e-01
1.305970149253731297e-02 2.696629213483145993e-01
1.115241635687732290e-02 1.807228915662650592e-01
8.029647930821495402e-03 6.410256410256409687e-02
1.308411214953271104e-02 2.934782608695652439e-01
1.236858379715522621e-02 1.749999999999999889e-01
1.416256157635467985e-02 1.369863013698630061e-01
8.717310087173101019e-03 2.087912087912087988e-01
1.294697903822441404e-02 1.333333333333333315e-01
1.478743068391866894e-02 1.621621621621621712e-01
1.365611421477343213e-02 2.558139534883721034e-01
1.425030978934324621e-02 2.409638554216867457e-01
8.674101610904585632e-03 1.325301204819277212e-01
1.363918164910105438e-02 2.380952380952380820e-01
1.052631578947368397e-02 1.585365853658536606e-01
1.300309597523219805e-02 2.073170731707316972e-01
1.180124223602484548e-02 2.298850574712643646e-01
1.243781094527363247e-02 2.584269662921348520e-01
9.316770186335403964e-03 1.839080459770114917e-01
1.059190031152647954e-02 2.500000000000000000e-01
1.177929324240545653e-02 2.023809523809523836e-01
1.055900621118012472e-02 2.068965517241379282e-01
1.241464928615766683e-02 2.325581395348837177e-01
1.413644744929317722e-02 1.000000000000000056e-01
9.900990099009901110e-03 1.358024691358024616e-01
1.052631578947368397e-02 1.585365853658536606e-01
9.305210918114143262e-03 1.647058823529411742e-01
9.328358208955223052e-03 2.022471910112359494e-01
9.956440572495332819e-03 2.222222222222222099e-01
1.057871810827629155e-02 2.333333333333333370e-01
1.293900184842883619e-02 1.216216216216216284e-01
8.722741433021806781e-03 2.173913043478260809e-01
1.361386138613861381e-02 2.098765432098765316e-01
1.362229102167182744e-02 2.195121951219512202e-01
1.117318435754189980e-02 2.093023255813953598e-01
1.057871810827629155e-02 2.333333333333333370e-01
1.428571428571428527e-02 2.758620689655172376e-01
8.647313156269301540e-03 7.692307692307692735e-02
1.539408866995073920e-02 1.643835616438356073e-01
8.176100628930817529e-03 3.177570093457943723e-01
6.870705808869456178e-03 2.187500000000000000e-01
1.474201474201474252e-02 1.014492753623188470e-01
9.305210918114143262e-03 1.647058823529411742e-01
1.300309597523219805e-02 2.073170731707316972e-01
1.299504950495049445e-02 1.975308641975308532e-01
1.060511540860885858e-02 2.659574468085106336e-01
9.316770186335403964e-03 1.839080459770114917e-01
9.975062344139650622e-03 2.473118279569892497e-01
1.118012422360248510e-02 2.183908045977011603e-01
1.055900621118012472e-02 2.068965517241379282e-01
1.427684667908131651e-02 2.674418604651162545e-01
1.179391682184978245e-02 2.209302325581395388e-01
1.121495327102803655e-02 2.608695652173912971e-01
1.292307692307692255e-02 9.722222222222222376e-02
1.178660049627791584e-02 2.117647058823529382e-01
1.360544217687074779e-02 2.000000000000000111e-01
1.549907005579665223e-02 2.738095238095238360e-01
1.359703337453646403e-02 1.898734177215190000e-01
8.701056556867620140e-03 1.818181818181818232e-01
1.353846153846153914e-02 1.111111111111111049e-01
1.238390092879257040e-02 1.951219512195122019e-01
1.115933044017358884e-02 1.904761904761904656e-01
8.094645080946450202e-03 1.978021978021977934e-01
1.188986232790988778e-02 3.232323232323232598e-01
1.056556867619639489e-02 2.159090909090909116e-01
7.476635514018691898e-03 1.956521739130434867e-01
9.876543209876543009e-03 9.090909090909091161e-02
1.240694789081885942e-02 2.235294117647058931e-01
1.053283767038413858e-02 1.686746987951807109e-01
8.099688473520249773e-03 2.065217391304347838e-01
1.360544217687074779e-02 2.000000000000000111e-01
1.480567550894509518e-02 1.842105263157894635e-01
1.666666666666666644e-02 2.337662337662337608e-01
1.114551083591331336e-02 1.707317073170731836e-01
1.051329622758194124e-02 1.375000000000000111e-01
5.639097744360901943e-03 2.376237623762376128e-01
1.115241635687732290e-02 1.807228915662650592e-01
1.118707271597265372e-02 2.272727272727272652e-01
1.000000000000000021e-02 2.783505154639175361e-01
1.363918164910105438e-02 2.380952380952380820e-01
1.185277604491578353e-02 2.872340425531915153e-01
1.312499999999999951e-02 3.298969072164948391e-01
1.421508034610630480e-02 2.025316455696202500e-01
1.119402985074626801e-02 2.359550561797752743e-01
1.239157372986369327e-02 2.048192771084337283e-01
