1.024765157984628555e-02 2.745098039215686514e-01
1.942567567567567502e-02 2.921348314606741492e-01
1.296456352636127934e-02 3.879310344827586188e-01
1.022146507666098735e-02 2.525252525252525415e-01
1.360544217687074779e-02 2.783505154639175361e-01
1.107325383304940368e-02 2.626262626262626521e-01
9.442060085836909145e-03 3.055555555555555802e-01
1.364023870417732306e-02 2.999999999999999889e-01
1.113013698630136925e-02 3.047619047619047894e-01
1.357082273112807450e-02 2.553191489361701927e-01
