1.730920535011801903e-02 2.643678160919540332e-01
1.739130434782608717e-02 3.118279569892473124e-01
1.684041700080192439e-02 4.144144144144144004e-01
1.111111111111111154e-02 2.653061224489796088e-01
1.337529504327301423e-02 2.068965517241379282e-01
1.424050632911392361e-02 2.765957446808510745e-01
9.592326139088728360e-03 3.084112149532710068e-01
1.347068145800317009e-02 2.812500000000000000e-01
1.036682615629984025e-02 2.980769230769230727e-01
1.421800947867298513e-02 2.608695652173912971e-01
1.344936708860759549e-02 2.659574468085106336e-01
9.486166007905139086e-03 2.043010752688172171e-01
1.507936507936507957e-02 3.163265306122449161e-01
1.115537848605577774e-02 3.009708737864077444e-01
1.569858712715855448e-02 2.142857142857142738e-01
1.506740681998413982e-02 3.092783505154639290e-01
1.424050632911392361e-02 2.765957446808510745e-01
1.500789889415481831e-02 2.717391304347825942e-01
1.815311760063141253e-02 3.076923076923077094e-01
8.012820512820512109e-03 3.090909090909090828e-01
1.505546751188589598e-02 3.020833333333333148e-01
1.337529504327301423e-02 2.068965517241379282e-01
8.000000000000000167e-03 2.962962962962962798e-01
1.518784972022382135e-02 3.738317757009345654e-01
1.348136399682791503e-02 2.886597938144329634e-01
1.107594936708860764e-02 2.340425531914893664e-01
1.115537848605577774e-02 3.009708737864077444e-01
1.573564122738001572e-02 2.413793103448275967e-01
1.822503961965134603e-02 3.437500000000000000e-01
9.463722397476340836e-03 1.777777777777777846e-01
1.027667984189723285e-02 2.150537634408602183e-01
9.523809523809524669e-03 2.448979591836734637e-01
1.357827476038338602e-02 3.490566037735848837e-01
1.653543307086614150e-02 2.613636363636363535e-01
1.105845181674565587e-02 2.173913043478260809e-01
1.192368839427663044e-02 2.899999999999999800e-01
1.267828843106180714e-02 2.708333333333333148e-01
1.510333863275039809e-02 3.300000000000000155e-01
1.798279906176700541e-02 2.025316455696202500e-01
9.546539379474940773e-03 2.673267326732673421e-01
1.347068145800317009e-02 2.812500000000000000e-01
1.576044129235618443e-02 2.584269662921348520e-01
1.265822784810126563e-02 2.553191489361701927e-01
1.196172248803827748e-02 3.173076923076922906e-01
1.581027667984189616e-02 2.903225806451613100e-01
1.260835303388494963e-02 2.134831460674157244e-01
1.422924901185770689e-02 2.688172043010752521e-01
1.267828843106180714e-02 2.708333333333333148e-01
1.109350237717908125e-02 2.500000000000000000e-01
1.751592356687898047e-02 3.725490196078431460e-01
1.577287066246056690e-02 2.666666666666666630e-01
1.192368839427663044e-02 2.899999999999999800e-01
1.571091908876669219e-02 2.235294117647058931e-01
1.581027667984189616e-02 2.903225806451613100e-01
9.577015163607342438e-03 2.952380952380952439e-01
1.501976284584980240e-02 2.795698924731182533e-01
1.263823064770932050e-02 2.391304347826087029e-01
7.968127490039840499e-03 2.621359223300970820e-01
1.420678768745067128e-02 2.527472527472527375e-01
1.266825019794140875e-02 2.631578947368420907e-01
9.654062751407883544e-03 3.565217391304347783e-01
1.578531965272296847e-02 2.747252747252747485e-01
7.993605115907274211e-03 2.897196261682242757e-01
1.114649681528662346e-02 2.941176470588235392e-01
1.677316293929712390e-02 3.867924528301887044e-01
1.112877583465818679e-02 2.800000000000000266e-01
1.578531965272296847e-02 2.747252747252747485e-01
1.812450748620961227e-02 2.921348314606741492e-01
1.261829652996845387e-02 2.222222222222222099e-01
1.201923076923076990e-02 3.545454545454545525e-01
7.177033492822966661e-03 2.596153846153846367e-01
1.657458563535911533e-02 2.857142857142856984e-01
1.494885916601101580e-02 2.298850574712643646e-01
1.191421763304209742e-02 2.828282828282828176e-01
1.263823064770932050e-02 2.391304347826087029e-01
1.197126895450917848e-02 3.238095238095238249e-01
1.035031847133757905e-02 2.843137254901960675e-01
1.103230890464933049e-02 1.910112359550561745e-01
1.906274821286735657e-02 3.737373737373737570e-01
1.039999999999999952e-02 3.240740740740740700e-01
1.431980906921241116e-02 3.267326732673267453e-01
1.339637509850275833e-02 2.247191011235954994e-01
1.428571428571428527e-02 3.061224489795918435e-01
1.503164556962025347e-02 2.872340425531915153e-01
1.111111111111111154e-02 2.653061224489796088e-01
1.034208432776451830e-02 2.772277227722772519e-01
7.942811755361397705e-03 2.323232323232323204e-01
1.367658889782783632e-02 4.000000000000000222e-01
8.744038155802861048e-03 2.500000000000000000e-01
1.108471892319873309e-02 2.421052631578947401e-01
1.039999999999999952e-02 3.240740740740740700e-01
1.501976284584980240e-02 2.795698924731182533e-01
1.033386327503974488e-02 2.700000000000000178e-01
1.196172248803827748e-02 3.173076923076922906e-01
1.109350237717908125e-02 2.500000000000000000e-01
6.369426751592357008e-03 2.352941176470588203e-01
8.006405124099278889e-03 3.027522935779816682e-01
1.425178147268408614e-02 2.842105263157894690e-01
8.695652173913043584e-03 1.935483870967741882e-01
1.342812006319115369e-02 2.500000000000000000e-01
