1.386321626617375256e-02 3.364485981308411033e-01
8.287292817679557666e-03 2.524271844660194164e-01
8.364312267657991740e-03 3.185840707964601726e-01
1.377410468319559267e-02 2.899999999999999800e-01
9.285051067780871956e-03 3.214285714285714524e-01
1.930147058823529493e-02 3.564356435643564192e-01
8.294930875576037727e-03 2.596153846153846367e-01
1.109057301293900170e-02 3.084112149532710068e-01
1.572617946345976001e-02 3.611111111111111049e-01
1.921317474839890141e-02 3.229166666666666852e-01
