8.284023668639053581e-03 2.173913043478260809e-01
1.294879340788699165e-02 2.289156626506023973e-01
1.006512729425695744e-02 2.580645161290322509e-01
8.813160987074030589e-03 1.125000000000000028e-01
1.171646162858816682e-02 1.199999999999999956e-01
1.056338028169014065e-02 1.282051282051281937e-01
8.240141259564449233e-03 1.325301204819277212e-01
9.422850412249704835e-03 1.666666666666666574e-01
1.056958308866705852e-02 1.392405063291139167e-01
1.240401653868871898e-02 2.696629213483145993e-01
1.407624633431085043e-02 1.948051948051948146e-01
1.230949589683470041e-02 1.447368421052631637e-01
1.460280373831775690e-02 1.285714285714285587e-01
1.459427904261529491e-02 1.159420289855072478e-01
1.286549707602339249e-02 1.111111111111111049e-01
1.062573789846517174e-02 2.272727272727272652e-01
1.121605667060212447e-02 2.386363636363636465e-01
1.171646162858816682e-02 1.199999999999999956e-01
1.291079812206572842e-02 1.794871794871794879e-01
9.988249118683900640e-03 1.375000000000000111e-01
7.656065959952885504e-03 1.309523809523809590e-01
9.422850412249704835e-03 1.666666666666666574e-01
1.120283018867924453e-02 2.209302325581395388e-01
9.982384028185554981e-03 1.265822784810126667e-01
8.828722778104767036e-03 1.445783132530120418e-01
8.839127872716559184e-03 1.647058823529411742e-01
1.230228471001757438e-02 1.333333333333333315e-01
9.400705052878965615e-03 1.250000000000000000e-01
1.173708920187793367e-02 1.538461538461538547e-01
1.350557839107457449e-02 2.025316455696202500e-01
9.439528023598819928e-03 1.954022988505747238e-01
8.249852681202120980e-03 1.529411764705882470e-01
9.445100354191262801e-03 2.045454545454545581e-01
1.004728132387706918e-02 2.333333333333333370e-01
1.056958308866705852e-02 1.392405063291139167e-01
1.060695344725987033e-02 2.000000000000000111e-01
7.071302298173247174e-03 1.294117647058823650e-01
1.007705986959099055e-02 2.736842105263158076e-01
9.395184967704051440e-03 1.139240506329113889e-01
9.400705052878965615e-03 1.250000000000000000e-01
1.582649472450175718e-02 2.236842105263157909e-01
1.473187978786093082e-02 2.823529411764705843e-01
1.058823529411764656e-02 1.707317073170731836e-01
8.264462809917355601e-03 1.818181818181818232e-01
9.417304296645084838e-03 1.566265060240963902e-01
1.580796252927400489e-02 2.027027027027027140e-01
1.291837933059307095e-02 1.898734177215190000e-01
1.112412177985948498e-02 9.459459459459459985e-02
1.352941176470588182e-02 2.317073170731707432e-01
7.692307692307692735e-03 2.065217391304347838e-01
1.005322294500295664e-02 2.417582417582417598e-01
1.293356848912404454e-02 2.098765432098765316e-01
1.056338028169014065e-02 1.282051282051281937e-01
1.290322580645161289e-02 1.688311688311688319e-01
1.295641931684334523e-02 2.380952380952380820e-01
1.411764705882352991e-02 2.439024390243902385e-01
8.220786846741044360e-03 8.860759493670886111e-02
1.410105757931844929e-02 2.250000000000000056e-01
1.289566236811254436e-02 1.578947368421052544e-01
1.352145796590241075e-02 2.222222222222222099e-01
1.120943952802359866e-02 2.298850574712643646e-01
7.067137809187279060e-03 1.190476190476190410e-01
1.233118027011156741e-02 1.772151898734177222e-01
8.264462809917355601e-03 1.818181818181818232e-01
1.119622863877430680e-02 2.117647058823529382e-01
8.254716981132075374e-03 1.627906976744186163e-01
1.285046728971962586e-02 8.571428571428571508e-02
7.660577489687684510e-03 1.411764705882352922e-01
1.115678214914856206e-02 1.518987341772151944e-01
9.439528023598819928e-03 1.954022988505747238e-01
1.289566236811254436e-02 1.578947368421052544e-01
1.173708920187793367e-02 1.538461538461538547e-01
1.288810779144698368e-02 1.466666666666666674e-01
1.233118027011156741e-02 1.772151898734177222e-01
1.350557839107457449e-02 2.025316455696202500e-01
8.225616921269095563e-03 1.000000000000000056e-01
1.230949589683470041e-02 1.447368421052631637e-01
1.059446733372572044e-02 1.807228915662650592e-01
5.334914048606994794e-03 1.894736842105263219e-01
9.422850412249704835e-03 1.666666666666666574e-01
7.687758722649319990e-03 1.978021978021977934e-01
1.173020527859237536e-02 1.428571428571428492e-01
1.058823529411764656e-02 1.707317073170731836e-01
8.828722778104767036e-03 1.445783132530120418e-01
1.173708920187793367e-02 1.538461538461538547e-01
1.290322580645161289e-02 1.688311688311688319e-01
1.175088131609870745e-02 1.749999999999999889e-01
9.982384028185554981e-03 1.265822784810126667e-01
1.236749116607773792e-02 2.261904761904761918e-01
1.058823529411764656e-02 1.707317073170731836e-01
1.116333725029377243e-02 1.625000000000000056e-01
1.116990005878894764e-02 1.728395061728394966e-01
1.289566236811254436e-02 1.578947368421052544e-01
9.473060982830076165e-03 2.473118279569892497e-01
7.678676904902539783e-03 1.797752808988763995e-01
9.976525821596244140e-03 1.153846153846153910e-01
1.293356848912404454e-02 2.098765432098765316e-01
1.116990005878894764e-02 1.728395061728394966e-01
9.411764705882352117e-03 1.463414634146341375e-01
9.433962264150943036e-03 1.860465116279069742e-01
